(kicad_pcb (version 20171130) (host pcbnew "(5.1.8-0-10_14)")

  (general
    (thickness 1.6)
    (drawings 23)
    (tracks 0)
    (zones 0)
    (modules 18)
    (nets 11)
  )

  (page A4)
  (title_block
    (title "Raspberry Pi Zero (W) uHAT Template Board")
    (date 2019-02-28)
    (rev 1.0)
    (comment 1 "This PCB design is licensed under MIT Open Source License.")
  )

  (layers
    (0 F.Cu signal)
    (31 B.Cu signal)
    (32 B.Adhes user)
    (33 F.Adhes user)
    (34 B.Paste user)
    (35 F.Paste user)
    (36 B.SilkS user)
    (37 F.SilkS user)
    (38 B.Mask user)
    (39 F.Mask user)
    (40 Dwgs.User user)
    (41 Cmts.User user hide)
    (42 Eco1.User user)
    (43 Eco2.User user)
    (44 Edge.Cuts user)
    (45 Margin user)
    (46 B.CrtYd user)
    (47 F.CrtYd user)
    (48 B.Fab user hide)
    (49 F.Fab user hide)
  )

  (setup
    (last_trace_width 0.25)
    (trace_clearance 0.2)
    (zone_clearance 0.508)
    (zone_45_only no)
    (trace_min 0.2)
    (via_size 0.8)
    (via_drill 0.4)
    (via_min_size 0.4)
    (via_min_drill 0.3)
    (uvia_size 0.3)
    (uvia_drill 0.1)
    (uvias_allowed no)
    (uvia_min_size 0.2)
    (uvia_min_drill 0.1)
    (edge_width 0.15)
    (segment_width 0.2)
    (pcb_text_width 0.3)
    (pcb_text_size 1.5 1.5)
    (mod_edge_width 0.15)
    (mod_text_size 1 1)
    (mod_text_width 0.15)
    (pad_size 1.524 1.524)
    (pad_drill 0.762)
    (pad_to_mask_clearance 0.051)
    (solder_mask_min_width 0.25)
    (aux_axis_origin 56.032 29.568)
    (grid_origin 56.032 29.568)
    (visible_elements FFFFFF7F)
    (pcbplotparams
      (layerselection 0x010fc_ffffffff)
      (usegerberextensions false)
      (usegerberattributes false)
      (usegerberadvancedattributes false)
      (creategerberjobfile false)
      (excludeedgelayer true)
      (linewidth 0.100000)
      (plotframeref false)
      (viasonmask false)
      (mode 1)
      (useauxorigin false)
      (hpglpennumber 1)
      (hpglpenspeed 20)
      (hpglpendiameter 15.000000)
      (psnegative false)
      (psa4output false)
      (plotreference true)
      (plotvalue true)
      (plotinvisibletext false)
      (padsonsilk false)
      (subtractmaskfromsilk false)
      (outputformat 1)
      (mirror false)
      (drillshape 1)
      (scaleselection 1)
      (outputdirectory ""))
  )

  (net 0 "")
  (net 1 +3V3)
  (net 2 GND)
  (net 3 /GPIO14_TXD0)
  (net 4 /GPIO15_RXD0)
  (net 5 /VOL_UP)
  (net 6 /NXT_TRK)
  (net 7 /PLY_PS)
  (net 8 /PREV_TRK)
  (net 9 /VOL_DWN)
  (net 10 +15V)

  (net_class Default "This is the default net class."
    (clearance 0.2)
    (trace_width 0.25)
    (via_dia 0.8)
    (via_drill 0.4)
    (uvia_dia 0.3)
    (uvia_drill 0.1)
    (add_net +15V)
    (add_net +3V3)
    (add_net /BTN_A)
    (add_net /BTN_B)
    (add_net /BTN_C)
    (add_net /BTN_D)
    (add_net /BTN_E)
    (add_net /GPIO10_SPI_MOSI)
    (add_net /GPIO11_SPI_SCLK)
    (add_net /GPIO12)
    (add_net /GPIO13)
    (add_net /GPIO14_TXD0)
    (add_net /GPIO15_RXD0)
    (add_net /GPIO16)
    (add_net /GPIO17_GEN0)
    (add_net /GPIO18_GEN1)
    (add_net /GPIO19)
    (add_net /GPIO20)
    (add_net /GPIO21)
    (add_net /GPIO22_GEN3)
    (add_net /GPIO23_GEN4)
    (add_net /GPIO24_GEN5)
    (add_net /GPIO25_GEN6)
    (add_net /GPIO26)
    (add_net /GPIO27_GEN2)
    (add_net /GPIO2_SDA1)
    (add_net /GPIO3_SCL1)
    (add_net /GPIO4_GPIO_GCLK)
    (add_net /GPIO5)
    (add_net /GPIO6)
    (add_net /GPIO7_SPI_CE1_N)
    (add_net /GPIO8_SPI_CE0_N)
    (add_net /GPIO9_SPI_MISO)
    (add_net /ID_SC)
    (add_net /ID_SD)
    (add_net /NXT_TRK)
    (add_net /PLY_PS)
    (add_net /PREV_TRK)
    (add_net /SPK_L+)
    (add_net /SPK_L-)
    (add_net /SPK_R+)
    (add_net /SPK_R-)
    (add_net /VOL_DWN)
    (add_net /VOL_UP)
    (add_net GND)
    (add_net GNDA)
    (add_net "Net-(D1-Pad1)")
    (add_net "Net-(D1-Pad2)")
    (add_net "Net-(J1-Pad14)")
    (add_net "Net-(J1-Pad20)")
    (add_net "Net-(J1-Pad25)")
    (add_net "Net-(J1-Pad30)")
    (add_net "Net-(J1-Pad34)")
    (add_net "Net-(J1-Pad6)")
    (add_net "Net-(J1-Pad9)")
    (add_net "Net-(J2-Pad3)")
    (add_net "Net-(MOD1-Pad11)")
    (add_net "Net-(MOD1-Pad12)")
    (add_net "Net-(MOD1-Pad13)")
    (add_net "Net-(MOD1-Pad14)")
    (add_net "Net-(MOD1-Pad16)")
    (add_net "Net-(MOD1-Pad19)")
    (add_net "Net-(MOD1-Pad2)")
    (add_net "Net-(MOD1-Pad20)")
    (add_net "Net-(MOD1-Pad23)")
    (add_net "Net-(MOD1-Pad24)")
    (add_net "Net-(MOD1-Pad25)")
    (add_net "Net-(MOD1-Pad26)")
    (add_net "Net-(MOD1-Pad27)")
    (add_net "Net-(MOD1-Pad28)")
    (add_net "Net-(MOD1-Pad29)")
    (add_net "Net-(MOD1-Pad3)")
    (add_net "Net-(MOD1-Pad30)")
    (add_net "Net-(MOD1-Pad31)")
    (add_net "Net-(MOD1-Pad32)")
    (add_net "Net-(MOD1-Pad33)")
    (add_net "Net-(MOD1-Pad34)")
    (add_net "Net-(MOD1-Pad35)")
    (add_net "Net-(MOD1-Pad36)")
    (add_net "Net-(MOD1-Pad37)")
    (add_net "Net-(MOD1-Pad38)")
    (add_net "Net-(MOD1-Pad4)")
    (add_net "Net-(MOD1-Pad5)")
    (add_net "Net-(S1-Pad1)")
    (add_net "Net-(S1-Pad3)")
    (add_net "Net-(S10-Pad1)")
    (add_net "Net-(S10-Pad3)")
    (add_net "Net-(S2-Pad1)")
    (add_net "Net-(S2-Pad3)")
    (add_net "Net-(S3-Pad1)")
    (add_net "Net-(S3-Pad3)")
    (add_net "Net-(S4-Pad1)")
    (add_net "Net-(S4-Pad3)")
    (add_net "Net-(S5-Pad1)")
    (add_net "Net-(S5-Pad3)")
    (add_net "Net-(S6-Pad1)")
    (add_net "Net-(S6-Pad3)")
    (add_net "Net-(S7-Pad1)")
    (add_net "Net-(S7-Pad3)")
    (add_net "Net-(S8-Pad1)")
    (add_net "Net-(S8-Pad3)")
    (add_net "Net-(S9-Pad1)")
    (add_net "Net-(S9-Pad3)")
  )

  (module digikey-footprints:Switch_Tactile_THT_6x6mm (layer F.Cu) (tedit 5FC42FAF) (tstamp 5FA88EBD)
    (at 140.312 36.518 270)
    (descr http://www.te.com/commerce/DocumentDelivery/DDEController?Action=srchrtrv&DocNm=1825910&DocType=Customer+Drawing&DocLang=English)
    (path /5FB405EB)
    (fp_text reference S3 (at 3.81 -2.3368 90) (layer F.SilkS)
      (effects (font (size 1 1) (thickness 0.15)))
    )
    (fp_text value 1825910-6 (at 3.6322 7.0866 90) (layer F.Fab)
      (effects (font (size 1 1) (thickness 0.15)))
    )
    (fp_line (start 0.25 -1) (end 6.25 -1) (layer F.Fab) (width 0.1))
    (fp_line (start 6.25 -1) (end 6.25 5.5) (layer F.Fab) (width 0.1))
    (fp_line (start 6.25 5.5) (end 0.25 5.5) (layer F.Fab) (width 0.1))
    (fp_line (start 0.25 -1) (end 0.25 5.5) (layer F.Fab) (width 0.1))
    (fp_line (start 7.85 -1.35) (end 7.85 5.85) (layer F.CrtYd) (width 0.05))
    (fp_line (start 7.85 5.85) (end -1.35 5.85) (layer F.CrtYd) (width 0.05))
    (fp_line (start 7.85 -1.35) (end -1.35 -1.35) (layer F.CrtYd) (width 0.05))
    (fp_line (start -1.35 -1.35) (end -1.35 5.85) (layer F.CrtYd) (width 0.05))
    (fp_line (start 1.2 -1.0414) (end 5.8674 -1.0414) (layer F.SilkS) (width 0.1))
    (fp_line (start 0.2032 1.1938) (end 0.2032 3.302) (layer F.SilkS) (width 0.1))
    (fp_line (start 6.3092 1.2048) (end 6.3092 3.3) (layer F.SilkS) (width 0.1))
    (fp_line (start 5.8928 5.5626) (end 0.6 5.5528) (layer F.SilkS) (width 0.1))
    (fp_line (start 0.2032 1.2004) (end -0.0468 1.2004) (layer F.SilkS) (width 0.1))
    (fp_text user %R (at 3.3782 2.286 90) (layer F.Fab)
      (effects (font (size 1 1) (thickness 0.15)))
    )
    (pad 3 thru_hole circle (at 0 4.5 270) (size 2.2 2.2) (drill 1.2) (layers *.Cu *.Mask))
    (pad 4 thru_hole circle (at 6.5 4.5 270) (size 2.2 2.2) (drill 1.2) (layers *.Cu *.Mask)
      (net 2 GND))
    (pad 2 thru_hole circle (at 6.5 0 270) (size 2.2 2.2) (drill 1.2) (layers *.Cu *.Mask)
      (net 8 /PREV_TRK))
    (pad 1 thru_hole rect (at 0 0 270) (size 2.2 2.2) (drill 1.2) (layers *.Cu *.Mask))
    (model ${KIPRJMOD}/1825910-6--3DModel-STEP-56544.STEP
      (offset (xyz 3.25 -2.25 0))
      (scale (xyz 1 1 1))
      (rotate (xyz -90 0 90))
    )
  )

  (module digikey-footprints:Switch_Tactile_THT_6x6mm (layer F.Cu) (tedit 5AF34E1F) (tstamp 5FBC7408)
    (at 74.032 103.568 180)
    (descr http://www.te.com/commerce/DocumentDelivery/DDEController?Action=srchrtrv&DocNm=1825910&DocType=Customer+Drawing&DocLang=English)
    (path /5FE3E2E9)
    (fp_text reference S10 (at 3.81 -2.3368) (layer F.SilkS)
      (effects (font (size 1 1) (thickness 0.15)))
    )
    (fp_text value 1825910-6 (at 3.6322 7.0866) (layer F.Fab)
      (effects (font (size 1 1) (thickness 0.15)))
    )
    (fp_text user %R (at 3.3782 2.286) (layer F.Fab)
      (effects (font (size 1 1) (thickness 0.15)))
    )
    (fp_line (start 0.2032 1.2004) (end -0.0468 1.2004) (layer F.SilkS) (width 0.1))
    (fp_line (start 5.8928 5.5626) (end 0.6 5.5528) (layer F.SilkS) (width 0.1))
    (fp_line (start 6.3092 1.2048) (end 6.3092 3.3) (layer F.SilkS) (width 0.1))
    (fp_line (start 0.2032 1.1938) (end 0.2032 3.302) (layer F.SilkS) (width 0.1))
    (fp_line (start 1.2 -1.0414) (end 5.8674 -1.0414) (layer F.SilkS) (width 0.1))
    (fp_line (start -1.35 -1.35) (end -1.35 5.85) (layer F.CrtYd) (width 0.05))
    (fp_line (start 7.85 -1.35) (end -1.35 -1.35) (layer F.CrtYd) (width 0.05))
    (fp_line (start 7.85 5.85) (end -1.35 5.85) (layer F.CrtYd) (width 0.05))
    (fp_line (start 7.85 -1.35) (end 7.85 5.85) (layer F.CrtYd) (width 0.05))
    (fp_line (start 0.25 -1) (end 0.25 5.5) (layer F.Fab) (width 0.1))
    (fp_line (start 6.25 5.5) (end 0.25 5.5) (layer F.Fab) (width 0.1))
    (fp_line (start 6.25 -1) (end 6.25 5.5) (layer F.Fab) (width 0.1))
    (fp_line (start 0.25 -1) (end 6.25 -1) (layer F.Fab) (width 0.1))
    (pad 3 thru_hole circle (at 0 4.5 180) (size 2.2 2.2) (drill 1.2) (layers *.Cu *.Mask))
    (pad 4 thru_hole circle (at 6.5 4.5 180) (size 2.2 2.2) (drill 1.2) (layers *.Cu *.Mask)
      (net 2 GND))
    (pad 2 thru_hole circle (at 6.5 0 180) (size 2.2 2.2) (drill 1.2) (layers *.Cu *.Mask))
    (pad 1 thru_hole rect (at 0 0 180) (size 2.2 2.2) (drill 1.2) (layers *.Cu *.Mask))
  )

  (module digikey-footprints:Switch_Tactile_THT_6x6mm (layer F.Cu) (tedit 5AF34E1F) (tstamp 5FBC73F2)
    (at 134.032 103.568 180)
    (descr http://www.te.com/commerce/DocumentDelivery/DDEController?Action=srchrtrv&DocNm=1825910&DocType=Customer+Drawing&DocLang=English)
    (path /5FE3E2B6)
    (fp_text reference S9 (at 3.81 -2.3368) (layer F.SilkS)
      (effects (font (size 1 1) (thickness 0.15)))
    )
    (fp_text value 1825910-6 (at 3.6322 7.0866) (layer F.Fab)
      (effects (font (size 1 1) (thickness 0.15)))
    )
    (fp_text user %R (at 3.3782 2.286) (layer F.Fab)
      (effects (font (size 1 1) (thickness 0.15)))
    )
    (fp_line (start 0.2032 1.2004) (end -0.0468 1.2004) (layer F.SilkS) (width 0.1))
    (fp_line (start 5.8928 5.5626) (end 0.6 5.5528) (layer F.SilkS) (width 0.1))
    (fp_line (start 6.3092 1.2048) (end 6.3092 3.3) (layer F.SilkS) (width 0.1))
    (fp_line (start 0.2032 1.1938) (end 0.2032 3.302) (layer F.SilkS) (width 0.1))
    (fp_line (start 1.2 -1.0414) (end 5.8674 -1.0414) (layer F.SilkS) (width 0.1))
    (fp_line (start -1.35 -1.35) (end -1.35 5.85) (layer F.CrtYd) (width 0.05))
    (fp_line (start 7.85 -1.35) (end -1.35 -1.35) (layer F.CrtYd) (width 0.05))
    (fp_line (start 7.85 5.85) (end -1.35 5.85) (layer F.CrtYd) (width 0.05))
    (fp_line (start 7.85 -1.35) (end 7.85 5.85) (layer F.CrtYd) (width 0.05))
    (fp_line (start 0.25 -1) (end 0.25 5.5) (layer F.Fab) (width 0.1))
    (fp_line (start 6.25 5.5) (end 0.25 5.5) (layer F.Fab) (width 0.1))
    (fp_line (start 6.25 -1) (end 6.25 5.5) (layer F.Fab) (width 0.1))
    (fp_line (start 0.25 -1) (end 6.25 -1) (layer F.Fab) (width 0.1))
    (pad 3 thru_hole circle (at 0 4.5 180) (size 2.2 2.2) (drill 1.2) (layers *.Cu *.Mask))
    (pad 4 thru_hole circle (at 6.5 4.5 180) (size 2.2 2.2) (drill 1.2) (layers *.Cu *.Mask)
      (net 2 GND))
    (pad 2 thru_hole circle (at 6.5 0 180) (size 2.2 2.2) (drill 1.2) (layers *.Cu *.Mask))
    (pad 1 thru_hole rect (at 0 0 180) (size 2.2 2.2) (drill 1.2) (layers *.Cu *.Mask))
  )

  (module digikey-footprints:Switch_Tactile_THT_6x6mm (layer F.Cu) (tedit 5AF34E1F) (tstamp 5FBC73DC)
    (at 154.032 103.568 180)
    (descr http://www.te.com/commerce/DocumentDelivery/DDEController?Action=srchrtrv&DocNm=1825910&DocType=Customer+Drawing&DocLang=English)
    (path /5FE3E283)
    (fp_text reference S8 (at 3.81 -2.3368) (layer F.SilkS)
      (effects (font (size 1 1) (thickness 0.15)))
    )
    (fp_text value 1825910-6 (at 3.6322 7.0866) (layer F.Fab)
      (effects (font (size 1 1) (thickness 0.15)))
    )
    (fp_text user %R (at 3.3782 2.286) (layer F.Fab)
      (effects (font (size 1 1) (thickness 0.15)))
    )
    (fp_line (start 0.2032 1.2004) (end -0.0468 1.2004) (layer F.SilkS) (width 0.1))
    (fp_line (start 5.8928 5.5626) (end 0.6 5.5528) (layer F.SilkS) (width 0.1))
    (fp_line (start 6.3092 1.2048) (end 6.3092 3.3) (layer F.SilkS) (width 0.1))
    (fp_line (start 0.2032 1.1938) (end 0.2032 3.302) (layer F.SilkS) (width 0.1))
    (fp_line (start 1.2 -1.0414) (end 5.8674 -1.0414) (layer F.SilkS) (width 0.1))
    (fp_line (start -1.35 -1.35) (end -1.35 5.85) (layer F.CrtYd) (width 0.05))
    (fp_line (start 7.85 -1.35) (end -1.35 -1.35) (layer F.CrtYd) (width 0.05))
    (fp_line (start 7.85 5.85) (end -1.35 5.85) (layer F.CrtYd) (width 0.05))
    (fp_line (start 7.85 -1.35) (end 7.85 5.85) (layer F.CrtYd) (width 0.05))
    (fp_line (start 0.25 -1) (end 0.25 5.5) (layer F.Fab) (width 0.1))
    (fp_line (start 6.25 5.5) (end 0.25 5.5) (layer F.Fab) (width 0.1))
    (fp_line (start 6.25 -1) (end 6.25 5.5) (layer F.Fab) (width 0.1))
    (fp_line (start 0.25 -1) (end 6.25 -1) (layer F.Fab) (width 0.1))
    (pad 3 thru_hole circle (at 0 4.5 180) (size 2.2 2.2) (drill 1.2) (layers *.Cu *.Mask))
    (pad 4 thru_hole circle (at 6.5 4.5 180) (size 2.2 2.2) (drill 1.2) (layers *.Cu *.Mask)
      (net 2 GND))
    (pad 2 thru_hole circle (at 6.5 0 180) (size 2.2 2.2) (drill 1.2) (layers *.Cu *.Mask))
    (pad 1 thru_hole rect (at 0 0 180) (size 2.2 2.2) (drill 1.2) (layers *.Cu *.Mask))
  )

  (module digikey-footprints:Switch_Tactile_THT_6x6mm (layer F.Cu) (tedit 5AF34E1F) (tstamp 5FBC73C6)
    (at 174.032 103.568 180)
    (descr http://www.te.com/commerce/DocumentDelivery/DDEController?Action=srchrtrv&DocNm=1825910&DocType=Customer+Drawing&DocLang=English)
    (path /5FE3E31C)
    (fp_text reference S7 (at 3.81 -2.3368) (layer F.SilkS)
      (effects (font (size 1 1) (thickness 0.15)))
    )
    (fp_text value 1825910-6 (at 3.6322 7.0866) (layer F.Fab)
      (effects (font (size 1 1) (thickness 0.15)))
    )
    (fp_text user %R (at 3.3782 2.286) (layer F.Fab)
      (effects (font (size 1 1) (thickness 0.15)))
    )
    (fp_line (start 0.2032 1.2004) (end -0.0468 1.2004) (layer F.SilkS) (width 0.1))
    (fp_line (start 5.8928 5.5626) (end 0.6 5.5528) (layer F.SilkS) (width 0.1))
    (fp_line (start 6.3092 1.2048) (end 6.3092 3.3) (layer F.SilkS) (width 0.1))
    (fp_line (start 0.2032 1.1938) (end 0.2032 3.302) (layer F.SilkS) (width 0.1))
    (fp_line (start 1.2 -1.0414) (end 5.8674 -1.0414) (layer F.SilkS) (width 0.1))
    (fp_line (start -1.35 -1.35) (end -1.35 5.85) (layer F.CrtYd) (width 0.05))
    (fp_line (start 7.85 -1.35) (end -1.35 -1.35) (layer F.CrtYd) (width 0.05))
    (fp_line (start 7.85 5.85) (end -1.35 5.85) (layer F.CrtYd) (width 0.05))
    (fp_line (start 7.85 -1.35) (end 7.85 5.85) (layer F.CrtYd) (width 0.05))
    (fp_line (start 0.25 -1) (end 0.25 5.5) (layer F.Fab) (width 0.1))
    (fp_line (start 6.25 5.5) (end 0.25 5.5) (layer F.Fab) (width 0.1))
    (fp_line (start 6.25 -1) (end 6.25 5.5) (layer F.Fab) (width 0.1))
    (fp_line (start 0.25 -1) (end 6.25 -1) (layer F.Fab) (width 0.1))
    (pad 3 thru_hole circle (at 0 4.5 180) (size 2.2 2.2) (drill 1.2) (layers *.Cu *.Mask))
    (pad 4 thru_hole circle (at 6.5 4.5 180) (size 2.2 2.2) (drill 1.2) (layers *.Cu *.Mask)
      (net 2 GND))
    (pad 2 thru_hole circle (at 6.5 0 180) (size 2.2 2.2) (drill 1.2) (layers *.Cu *.Mask))
    (pad 1 thru_hole rect (at 0 0 180) (size 2.2 2.2) (drill 1.2) (layers *.Cu *.Mask))
  )

  (module digikey-footprints:Switch_Tactile_THT_6x6mm (layer F.Cu) (tedit 5AF34E1F) (tstamp 5FBC73B0)
    (at 114.032 103.568 180)
    (descr http://www.te.com/commerce/DocumentDelivery/DDEController?Action=srchrtrv&DocNm=1825910&DocType=Customer+Drawing&DocLang=English)
    (path /5FE3E36B)
    (fp_text reference S6 (at 3.81 -2.3368) (layer F.SilkS)
      (effects (font (size 1 1) (thickness 0.15)))
    )
    (fp_text value 1825910-6 (at 3.6322 7.0866) (layer F.Fab)
      (effects (font (size 1 1) (thickness 0.15)))
    )
    (fp_text user %R (at 3.3782 2.286) (layer F.Fab)
      (effects (font (size 1 1) (thickness 0.15)))
    )
    (fp_line (start 0.2032 1.2004) (end -0.0468 1.2004) (layer F.SilkS) (width 0.1))
    (fp_line (start 5.8928 5.5626) (end 0.6 5.5528) (layer F.SilkS) (width 0.1))
    (fp_line (start 6.3092 1.2048) (end 6.3092 3.3) (layer F.SilkS) (width 0.1))
    (fp_line (start 0.2032 1.1938) (end 0.2032 3.302) (layer F.SilkS) (width 0.1))
    (fp_line (start 1.2 -1.0414) (end 5.8674 -1.0414) (layer F.SilkS) (width 0.1))
    (fp_line (start -1.35 -1.35) (end -1.35 5.85) (layer F.CrtYd) (width 0.05))
    (fp_line (start 7.85 -1.35) (end -1.35 -1.35) (layer F.CrtYd) (width 0.05))
    (fp_line (start 7.85 5.85) (end -1.35 5.85) (layer F.CrtYd) (width 0.05))
    (fp_line (start 7.85 -1.35) (end 7.85 5.85) (layer F.CrtYd) (width 0.05))
    (fp_line (start 0.25 -1) (end 0.25 5.5) (layer F.Fab) (width 0.1))
    (fp_line (start 6.25 5.5) (end 0.25 5.5) (layer F.Fab) (width 0.1))
    (fp_line (start 6.25 -1) (end 6.25 5.5) (layer F.Fab) (width 0.1))
    (fp_line (start 0.25 -1) (end 6.25 -1) (layer F.Fab) (width 0.1))
    (pad 3 thru_hole circle (at 0 4.5 180) (size 2.2 2.2) (drill 1.2) (layers *.Cu *.Mask))
    (pad 4 thru_hole circle (at 6.5 4.5 180) (size 2.2 2.2) (drill 1.2) (layers *.Cu *.Mask)
      (net 2 GND))
    (pad 2 thru_hole circle (at 6.5 0 180) (size 2.2 2.2) (drill 1.2) (layers *.Cu *.Mask))
    (pad 1 thru_hole rect (at 0 0 180) (size 2.2 2.2) (drill 1.2) (layers *.Cu *.Mask))
  )

  (module digikey-footprints:Barrel_Jack_5.5mmODx2.1mmID_PJ-102A (layer F.Cu) (tedit 5CAD146F) (tstamp 5FBC7260)
    (at 61.532 40.568 90)
    (path /5FBC0583)
    (fp_text reference J2 (at 0 -12.1 90) (layer F.SilkS)
      (effects (font (size 1 1) (thickness 0.15)))
    )
    (fp_text value PJ-102A (at 0 5.8 90) (layer F.Fab)
      (effects (font (size 1 1) (thickness 0.15)))
    )
    (fp_line (start -5.9 4.25) (end 4.8 4.25) (layer F.CrtYd) (width 0.05))
    (fp_line (start 4.8 -10.95) (end 4.8 4.25) (layer F.CrtYd) (width 0.05))
    (fp_line (start -5.9 -10.95) (end -5.9 4.25) (layer F.CrtYd) (width 0.05))
    (fp_line (start -5.9 -10.95) (end 4.8 -10.95) (layer F.CrtYd) (width 0.05))
    (fp_line (start 4.6 -3.5) (end 4.6 -4.5) (layer F.SilkS) (width 0.1))
    (fp_line (start -4.6 -3.5) (end -4.6 -4.5) (layer F.SilkS) (width 0.1))
    (fp_line (start 4.6 -10.8) (end 4.6 -10.3) (layer F.SilkS) (width 0.1))
    (fp_line (start 4.6 -10.8) (end 4.1 -10.8) (layer F.SilkS) (width 0.1))
    (fp_line (start -4.6 -10.8) (end -4.1 -10.8) (layer F.SilkS) (width 0.1))
    (fp_line (start -4.6 -10.8) (end -4.6 -10.3) (layer F.SilkS) (width 0.1))
    (fp_line (start -1.2 -1.8) (end 1.2 -1.8) (layer F.SilkS) (width 0.1))
    (fp_line (start -4.6 3.8) (end -4.6 3.3) (layer F.SilkS) (width 0.1))
    (fp_line (start -4.6 3.8) (end -4.1 3.8) (layer F.SilkS) (width 0.1))
    (fp_line (start 4.6 3.8) (end 4.6 3.3) (layer F.SilkS) (width 0.1))
    (fp_line (start 4.6 3.8) (end 4.1 3.8) (layer F.SilkS) (width 0.1))
    (fp_line (start -4.5 -10.7) (end 4.5 -10.7) (layer F.Fab) (width 0.1))
    (fp_line (start 4.5 3.7) (end 4.5 -10.7) (layer F.Fab) (width 0.1))
    (fp_line (start -4.5 3.7) (end -4.5 -10.7) (layer F.Fab) (width 0.1))
    (fp_line (start -4.5 3.7) (end 4.5 3.7) (layer F.Fab) (width 0.1))
    (pad 2 thru_hole rect (at 0 -3 90) (size 2.6 2) (drill oval 1.6 1) (layers *.Cu *.Mask))
    (pad 1 thru_hole rect (at 0 3 90) (size 2.6 2) (drill oval 1.6 1) (layers *.Cu *.Mask)
      (net 10 +15V))
    (pad 3 thru_hole rect (at -4.7 0 90) (size 2 2.6) (drill oval 1 1.6) (layers *.Cu *.Mask))
  )

  (module digikey-footprints:LED_3mm_Radial (layer F.Cu) (tedit 5B1990B7) (tstamp 5FBC7194)
    (at 205.812 142.328)
    (descr http://optoelectronics.liteon.com/upload/download/DS20-2000-343/1CHKxKNN.pdf)
    (path /5FEDC157)
    (fp_text reference D1 (at 0 -5.08) (layer F.SilkS)
      (effects (font (size 1 1) (thickness 0.15)))
    )
    (fp_text value 151033RS03000 (at 0 5.08) (layer F.Fab)
      (effects (font (size 1 1) (thickness 0.15)))
    )
    (fp_text user %R (at -1.27 0) (layer F.Fab)
      (effects (font (size 0.75 0.75) (thickness 0.1)))
    )
    (fp_arc (start -1.27 0) (end 0.23 -1.3) (angle -278.1712365) (layer F.Fab) (width 0.1))
    (fp_arc (start -1.27 0) (end 0.33 -1.35) (angle -21.45098095) (layer F.SilkS) (width 0.1))
    (fp_arc (start -1.27 0) (end -0.27 1.85) (angle -21.45098095) (layer F.SilkS) (width 0.1))
    (fp_arc (start -1.27 0) (end -2.27 -1.85) (angle -33.21396116) (layer F.SilkS) (width 0.1))
    (fp_arc (start -1.27 0) (end -3.12 1) (angle -33.21396116) (layer F.SilkS) (width 0.1))
    (fp_circle (center -1.27 0) (end 1.38 0) (layer F.CrtYd) (width 0.05))
    (fp_line (start 0.33 -1.35) (end 0.33 -1.1) (layer F.SilkS) (width 0.1))
    (fp_line (start 0.33 1.35) (end 0.33 1.1) (layer F.SilkS) (width 0.1))
    (fp_line (start 0.23 -1.3) (end 0.23 1.3) (layer F.Fab) (width 0.1))
    (pad 1 thru_hole rect (at -2.54 0) (size 2 2) (drill 1) (layers *.Cu *.Mask))
    (pad 2 thru_hole circle (at 0 0) (size 2 2) (drill 1) (layers *.Cu *.Mask))
  )

  (module kicad-footprints:rn52-breakout (layer F.Cu) (tedit 5FBB0E4B) (tstamp 5FA88E7B)
    (at 178.032 55.068)
    (path /5FA96E11)
    (fp_text reference MOD1 (at 6.275 -26.975) (layer F.SilkS)
      (effects (font (size 1 1) (thickness 0.15)))
    )
    (fp_text value RN52-I_RM (at 6.575 2.05) (layer F.Fab)
      (effects (font (size 1 1) (thickness 0.15)))
    )
    (fp_text user %R (at 6.075 -12.025) (layer F.Fab)
      (effects (font (size 1 1) (thickness 0.15)))
    )
    (fp_line (start -17.78 25.4) (end -17.78 -25.4) (layer F.SilkS) (width 0.12))
    (fp_line (start 17.78 25.4) (end -17.78 25.4) (layer F.SilkS) (width 0.12))
    (fp_line (start 17.78 -25.4) (end 17.78 25.4) (layer F.SilkS) (width 0.12))
    (fp_line (start -17.78 -25.4) (end 17.78 -25.4) (layer F.SilkS) (width 0.12))
    (fp_line (start -7.62 -3.81) (end -7.62 -30.48) (layer Dwgs.User) (width 0.12))
    (fp_line (start 7.62 -3.81) (end -7.62 -3.81) (layer Dwgs.User) (width 0.12))
    (fp_line (start 7.62 -30.48) (end 7.62 -3.81) (layer Dwgs.User) (width 0.12))
    (fp_line (start -7.62 -30.48) (end 7.62 -30.48) (layer Dwgs.User) (width 0.12))
    (pad 42 thru_hole circle (at 16.51 -21.59) (size 1.524 1.524) (drill 0.762) (layers *.Cu *.Mask))
    (pad 43 thru_hole circle (at 16.51 -24.13) (size 1.524 1.524) (drill 0.762) (layers *.Cu *.Mask))
    (pad 22 thru_hole circle (at -16.51 24.13) (size 1.524 1.524) (drill 0.762) (layers *.Cu *.Mask)
      (net 1 +3V3))
    (pad 2 thru_hole circle (at -16.51 -24.13) (size 1.524 1.524) (drill 0.762) (layers *.Cu *.Mask))
    (pad 3 thru_hole circle (at -16.51 -21.59) (size 1.524 1.524) (drill 0.762) (layers *.Cu *.Mask))
    (pad 4 thru_hole circle (at -16.51 -19.05) (size 1.524 1.524) (drill 0.762) (layers *.Cu *.Mask))
    (pad 5 thru_hole circle (at -16.51 -16.51) (size 1.524 1.524) (drill 0.762) (layers *.Cu *.Mask))
    (pad 6 thru_hole circle (at -16.51 -13.97) (size 1.524 1.524) (drill 0.762) (layers *.Cu *.Mask)
      (net 5 /VOL_UP))
    (pad 7 thru_hole circle (at -16.51 -11.43) (size 1.524 1.524) (drill 0.762) (layers *.Cu *.Mask)
      (net 6 /NXT_TRK))
    (pad 8 thru_hole circle (at -16.51 -8.89) (size 1.524 1.524) (drill 0.762) (layers *.Cu *.Mask)
      (net 7 /PLY_PS))
    (pad 9 thru_hole circle (at -16.51 -6.35) (size 1.524 1.524) (drill 0.762) (layers *.Cu *.Mask)
      (net 8 /PREV_TRK))
    (pad 10 thru_hole circle (at -16.51 -3.81) (size 1.524 1.524) (drill 0.762) (layers *.Cu *.Mask)
      (net 9 /VOL_DWN))
    (pad 11 thru_hole circle (at -16.51 -1.27) (size 1.524 1.524) (drill 0.762) (layers *.Cu *.Mask))
    (pad 12 thru_hole circle (at -16.51 1.27) (size 1.524 1.524) (drill 0.762) (layers *.Cu *.Mask))
    (pad 13 thru_hole circle (at -16.51 3.81) (size 1.524 1.524) (drill 0.762) (layers *.Cu *.Mask))
    (pad 14 thru_hole circle (at -16.51 6.35) (size 1.524 1.524) (drill 0.762) (layers *.Cu *.Mask))
    (pad 15 thru_hole circle (at -16.51 8.89) (size 1.524 1.524) (drill 0.762) (layers *.Cu *.Mask)
      (net 4 /GPIO15_RXD0))
    (pad 16 thru_hole circle (at -16.51 11.43) (size 1.524 1.524) (drill 0.762) (layers *.Cu *.Mask))
    (pad 17 thru_hole circle (at -16.51 13.97) (size 1.524 1.524) (drill 0.762) (layers *.Cu *.Mask)
      (net 3 /GPIO14_TXD0))
    (pad 19 thru_hole circle (at -16.51 16.51) (size 1.524 1.524) (drill 0.762) (layers *.Cu *.Mask))
    (pad 20 thru_hole circle (at -16.51 19.05) (size 1.524 1.524) (drill 0.762) (layers *.Cu *.Mask))
    (pad 21 thru_hole circle (at -16.51 21.59) (size 1.524 1.524) (drill 0.762) (layers *.Cu *.Mask)
      (net 1 +3V3))
    (pad 27 thru_hole circle (at 16.51 24.13) (size 1.524 1.524) (drill 0.762) (layers *.Cu *.Mask))
    (pad 23 thru_hole circle (at 16.51 21.59) (size 1.524 1.524) (drill 0.762) (layers *.Cu *.Mask))
    (pad 24 thru_hole circle (at 16.51 19.05) (size 1.524 1.524) (drill 0.762) (layers *.Cu *.Mask))
    (pad 25 thru_hole circle (at 16.51 16.51) (size 1.524 1.524) (drill 0.762) (layers *.Cu *.Mask))
    (pad 26 thru_hole circle (at 16.51 13.97) (size 1.524 1.524) (drill 0.762) (layers *.Cu *.Mask))
    (pad 28 thru_hole circle (at 16.51 11.43) (size 1.524 1.524) (drill 0.762) (layers *.Cu *.Mask))
    (pad 29 thru_hole circle (at 16.51 8.89) (size 1.524 1.524) (drill 0.762) (layers *.Cu *.Mask))
    (pad 30 thru_hole circle (at 16.51 6.35) (size 1.524 1.524) (drill 0.762) (layers *.Cu *.Mask))
    (pad 31 thru_hole circle (at 16.51 3.81) (size 1.524 1.524) (drill 0.762) (layers *.Cu *.Mask))
    (pad 32 thru_hole circle (at 16.51 1.27) (size 1.524 1.524) (drill 0.762) (layers *.Cu *.Mask))
    (pad 33 thru_hole circle (at 16.51 -1.27) (size 1.524 1.524) (drill 0.762) (layers *.Cu *.Mask))
    (pad 34 thru_hole circle (at 16.51 -3.81) (size 1.524 1.524) (drill 0.762) (layers *.Cu *.Mask))
    (pad 35 thru_hole circle (at 16.51 -6.35) (size 1.524 1.524) (drill 0.762) (layers *.Cu *.Mask))
    (pad 36 thru_hole circle (at 16.51 -8.89) (size 1.524 1.524) (drill 0.762) (layers *.Cu *.Mask))
    (pad 37 thru_hole circle (at 16.51 -11.43) (size 1.524 1.524) (drill 0.762) (layers *.Cu *.Mask))
    (pad 38 thru_hole circle (at 16.51 -13.97) (size 1.524 1.524) (drill 0.762) (layers *.Cu *.Mask))
    (pad 41 thru_hole circle (at 16.51 -19.05) (size 1.524 1.524) (drill 0.762) (layers *.Cu *.Mask))
    (pad 40 thru_hole circle (at 16.51 -16.51) (size 1.524 1.524) (drill 0.762) (layers *.Cu *.Mask))
  )

  (module digikey-footprints:Switch_Tactile_THT_6x6mm (layer F.Cu) (tedit 5FA857FC) (tstamp 5FA88EA7)
    (at 106.312 36.518 270)
    (descr http://www.te.com/commerce/DocumentDelivery/DDEController?Action=srchrtrv&DocNm=1825910&DocType=Customer+Drawing&DocLang=English)
    (path /5FB429D8)
    (fp_text reference S2 (at 3.81 -2.3368 90) (layer F.SilkS)
      (effects (font (size 1 1) (thickness 0.15)))
    )
    (fp_text value 1825910-6 (at 3.6322 7.0866 90) (layer F.Fab)
      (effects (font (size 1 1) (thickness 0.15)))
    )
    (fp_line (start 0.25 -1) (end 6.25 -1) (layer F.Fab) (width 0.1))
    (fp_line (start 6.25 -1) (end 6.25 5.5) (layer F.Fab) (width 0.1))
    (fp_line (start 6.25 5.5) (end 0.25 5.5) (layer F.Fab) (width 0.1))
    (fp_line (start 0.25 -1) (end 0.25 5.5) (layer F.Fab) (width 0.1))
    (fp_line (start 7.85 -1.35) (end 7.85 5.85) (layer F.CrtYd) (width 0.05))
    (fp_line (start 7.85 5.85) (end -1.35 5.85) (layer F.CrtYd) (width 0.05))
    (fp_line (start 7.85 -1.35) (end -1.35 -1.35) (layer F.CrtYd) (width 0.05))
    (fp_line (start -1.35 -1.35) (end -1.35 5.85) (layer F.CrtYd) (width 0.05))
    (fp_line (start 1.2 -1.0414) (end 5.8674 -1.0414) (layer F.SilkS) (width 0.1))
    (fp_line (start 0.2032 1.1938) (end 0.2032 3.302) (layer F.SilkS) (width 0.1))
    (fp_line (start 6.3092 1.2048) (end 6.3092 3.3) (layer F.SilkS) (width 0.1))
    (fp_line (start 5.8928 5.5626) (end 0.6 5.5528) (layer F.SilkS) (width 0.1))
    (fp_line (start 0.2032 1.2004) (end -0.0468 1.2004) (layer F.SilkS) (width 0.1))
    (fp_text user %R (at 3.3782 2.286 90) (layer F.Fab)
      (effects (font (size 1 1) (thickness 0.15)))
    )
    (pad 3 thru_hole circle (at 0 4.5 270) (size 2.2 2.2) (drill 1.2) (layers *.Cu *.Mask))
    (pad 4 thru_hole circle (at 6.5 4.5 270) (size 2.2 2.2) (drill 1.2) (layers *.Cu *.Mask)
      (net 2 GND))
    (pad 2 thru_hole circle (at 6.5 0 270) (size 2.2 2.2) (drill 1.2) (layers *.Cu *.Mask)
      (net 9 /VOL_DWN))
    (pad 1 thru_hole rect (at 0 0 270) (size 2.2 2.2) (drill 1.2) (layers *.Cu *.Mask))
    (model "/Users/paul.lebel/Google Drive File Stream/My Drive/Personal/RainbowPlay/1825910-6--3DModel-STEP-56544.STEP"
      (offset (xyz 3.25 -2 0.25))
      (scale (xyz 1 1 1))
      (rotate (xyz -90 0 90))
    )
  )

  (module digikey-footprints:Switch_Tactile_THT_6x6mm (layer F.Cu) (tedit 5FA857FC) (tstamp 5FA88E91)
    (at 117.312 36.518 270)
    (descr http://www.te.com/commerce/DocumentDelivery/DDEController?Action=srchrtrv&DocNm=1825910&DocType=Customer+Drawing&DocLang=English)
    (path /5FBD51D1)
    (fp_text reference S1 (at 3.81 -2.3368 90) (layer F.SilkS)
      (effects (font (size 1 1) (thickness 0.15)))
    )
    (fp_text value 1825910-6 (at 3.6322 7.0866 90) (layer F.Fab)
      (effects (font (size 1 1) (thickness 0.15)))
    )
    (fp_line (start 0.25 -1) (end 6.25 -1) (layer F.Fab) (width 0.1))
    (fp_line (start 6.25 -1) (end 6.25 5.5) (layer F.Fab) (width 0.1))
    (fp_line (start 6.25 5.5) (end 0.25 5.5) (layer F.Fab) (width 0.1))
    (fp_line (start 0.25 -1) (end 0.25 5.5) (layer F.Fab) (width 0.1))
    (fp_line (start 7.85 -1.35) (end 7.85 5.85) (layer F.CrtYd) (width 0.05))
    (fp_line (start 7.85 5.85) (end -1.35 5.85) (layer F.CrtYd) (width 0.05))
    (fp_line (start 7.85 -1.35) (end -1.35 -1.35) (layer F.CrtYd) (width 0.05))
    (fp_line (start -1.35 -1.35) (end -1.35 5.85) (layer F.CrtYd) (width 0.05))
    (fp_line (start 1.2 -1.0414) (end 5.8674 -1.0414) (layer F.SilkS) (width 0.1))
    (fp_line (start 0.2032 1.1938) (end 0.2032 3.302) (layer F.SilkS) (width 0.1))
    (fp_line (start 6.3092 1.2048) (end 6.3092 3.3) (layer F.SilkS) (width 0.1))
    (fp_line (start 5.8928 5.5626) (end 0.6 5.5528) (layer F.SilkS) (width 0.1))
    (fp_line (start 0.2032 1.2004) (end -0.0468 1.2004) (layer F.SilkS) (width 0.1))
    (fp_text user %R (at 3.3782 2.286 90) (layer F.Fab)
      (effects (font (size 1 1) (thickness 0.15)))
    )
    (pad 3 thru_hole circle (at 0 4.5 270) (size 2.2 2.2) (drill 1.2) (layers *.Cu *.Mask))
    (pad 4 thru_hole circle (at 6.5 4.5 270) (size 2.2 2.2) (drill 1.2) (layers *.Cu *.Mask)
      (net 2 GND))
    (pad 2 thru_hole circle (at 6.5 0 270) (size 2.2 2.2) (drill 1.2) (layers *.Cu *.Mask)
      (net 5 /VOL_UP))
    (pad 1 thru_hole rect (at 0 0 270) (size 2.2 2.2) (drill 1.2) (layers *.Cu *.Mask))
    (model "/Users/paul.lebel/Google Drive File Stream/My Drive/Personal/RainbowPlay/1825910-6--3DModel-STEP-56544.STEP"
      (offset (xyz 3.25 -2 0.25))
      (scale (xyz 1 1 1))
      (rotate (xyz -90 0 90))
    )
  )

  (module digikey-footprints:Switch_Tactile_THT_6x6mm (layer F.Cu) (tedit 5FA857FC) (tstamp 5FA88ED3)
    (at 128.312 36.518 270)
    (descr http://www.te.com/commerce/DocumentDelivery/DDEController?Action=srchrtrv&DocNm=1825910&DocType=Customer+Drawing&DocLang=English)
    (path /5FB40DF4)
    (fp_text reference S4 (at 3.81 -2.3368 90) (layer F.SilkS)
      (effects (font (size 1 1) (thickness 0.15)))
    )
    (fp_text value 1825910-6 (at 3.6322 7.0866 90) (layer F.Fab)
      (effects (font (size 1 1) (thickness 0.15)))
    )
    (fp_line (start 0.25 -1) (end 6.25 -1) (layer F.Fab) (width 0.1))
    (fp_line (start 6.25 -1) (end 6.25 5.5) (layer F.Fab) (width 0.1))
    (fp_line (start 6.25 5.5) (end 0.25 5.5) (layer F.Fab) (width 0.1))
    (fp_line (start 0.25 -1) (end 0.25 5.5) (layer F.Fab) (width 0.1))
    (fp_line (start 7.85 -1.35) (end 7.85 5.85) (layer F.CrtYd) (width 0.05))
    (fp_line (start 7.85 5.85) (end -1.35 5.85) (layer F.CrtYd) (width 0.05))
    (fp_line (start 7.85 -1.35) (end -1.35 -1.35) (layer F.CrtYd) (width 0.05))
    (fp_line (start -1.35 -1.35) (end -1.35 5.85) (layer F.CrtYd) (width 0.05))
    (fp_line (start 1.2 -1.0414) (end 5.8674 -1.0414) (layer F.SilkS) (width 0.1))
    (fp_line (start 0.2032 1.1938) (end 0.2032 3.302) (layer F.SilkS) (width 0.1))
    (fp_line (start 6.3092 1.2048) (end 6.3092 3.3) (layer F.SilkS) (width 0.1))
    (fp_line (start 5.8928 5.5626) (end 0.6 5.5528) (layer F.SilkS) (width 0.1))
    (fp_line (start 0.2032 1.2004) (end -0.0468 1.2004) (layer F.SilkS) (width 0.1))
    (fp_text user %R (at 3.3782 2.286 90) (layer F.Fab)
      (effects (font (size 1 1) (thickness 0.15)))
    )
    (pad 3 thru_hole circle (at 0 4.5 270) (size 2.2 2.2) (drill 1.2) (layers *.Cu *.Mask))
    (pad 4 thru_hole circle (at 6.5 4.5 270) (size 2.2 2.2) (drill 1.2) (layers *.Cu *.Mask)
      (net 2 GND))
    (pad 2 thru_hole circle (at 6.5 0 270) (size 2.2 2.2) (drill 1.2) (layers *.Cu *.Mask)
      (net 6 /NXT_TRK))
    (pad 1 thru_hole rect (at 0 0 270) (size 2.2 2.2) (drill 1.2) (layers *.Cu *.Mask))
    (model "/Users/paul.lebel/Google Drive File Stream/My Drive/Personal/RainbowPlay/1825910-6--3DModel-STEP-56544.STEP"
      (offset (xyz 3.25 -2 0.25))
      (scale (xyz 1 1 1))
      (rotate (xyz -90 0 90))
    )
  )

  (module digikey-footprints:Switch_Tactile_THT_6x6mm (layer F.Cu) (tedit 5FA857FC) (tstamp 5FA88EE9)
    (at 94.032 103.568 180)
    (descr http://www.te.com/commerce/DocumentDelivery/DDEController?Action=srchrtrv&DocNm=1825910&DocType=Customer+Drawing&DocLang=English)
    (path /5FB41B19)
    (fp_text reference S5 (at 3.81 -2.3368) (layer F.SilkS)
      (effects (font (size 1 1) (thickness 0.15)))
    )
    (fp_text value 1825910-6 (at 3.6322 7.0866) (layer F.Fab)
      (effects (font (size 1 1) (thickness 0.15)))
    )
    (fp_line (start 0.25 -1) (end 6.25 -1) (layer F.Fab) (width 0.1))
    (fp_line (start 6.25 -1) (end 6.25 5.5) (layer F.Fab) (width 0.1))
    (fp_line (start 6.25 5.5) (end 0.25 5.5) (layer F.Fab) (width 0.1))
    (fp_line (start 0.25 -1) (end 0.25 5.5) (layer F.Fab) (width 0.1))
    (fp_line (start 7.85 -1.35) (end 7.85 5.85) (layer F.CrtYd) (width 0.05))
    (fp_line (start 7.85 5.85) (end -1.35 5.85) (layer F.CrtYd) (width 0.05))
    (fp_line (start 7.85 -1.35) (end -1.35 -1.35) (layer F.CrtYd) (width 0.05))
    (fp_line (start -1.35 -1.35) (end -1.35 5.85) (layer F.CrtYd) (width 0.05))
    (fp_line (start 1.2 -1.0414) (end 5.8674 -1.0414) (layer F.SilkS) (width 0.1))
    (fp_line (start 0.2032 1.1938) (end 0.2032 3.302) (layer F.SilkS) (width 0.1))
    (fp_line (start 6.3092 1.2048) (end 6.3092 3.3) (layer F.SilkS) (width 0.1))
    (fp_line (start 5.8928 5.5626) (end 0.6 5.5528) (layer F.SilkS) (width 0.1))
    (fp_line (start 0.2032 1.2004) (end -0.0468 1.2004) (layer F.SilkS) (width 0.1))
    (fp_text user %R (at 3.3782 2.286) (layer F.Fab)
      (effects (font (size 1 1) (thickness 0.15)))
    )
    (pad 3 thru_hole circle (at 0 4.5 180) (size 2.2 2.2) (drill 1.2) (layers *.Cu *.Mask))
    (pad 4 thru_hole circle (at 6.5 4.5 180) (size 2.2 2.2) (drill 1.2) (layers *.Cu *.Mask)
      (net 2 GND))
    (pad 2 thru_hole circle (at 6.5 0 180) (size 2.2 2.2) (drill 1.2) (layers *.Cu *.Mask)
      (net 7 /PLY_PS))
    (pad 1 thru_hole rect (at 0 0 180) (size 2.2 2.2) (drill 1.2) (layers *.Cu *.Mask))
    (model "/Users/paul.lebel/Google Drive File Stream/My Drive/Personal/RainbowPlay/1825910-6--3DModel-STEP-56544.STEP"
      (offset (xyz 3.25 -2 0.25))
      (scale (xyz 1 1 1))
      (rotate (xyz -90 0 90))
    )
  )

  (module lib:PinSocket_2x20_P2.54mm_Vertical_Centered_Anchor (layer B.Cu) (tedit 5C78E1B8) (tstamp 5FC43E97)
    (at 90.902 55.338 270)
    (descr "Through hole straight socket strip, 2x20, 2.54mm pitch, double cols (from Kicad 4.0.7), script generated")
    (tags "Through hole socket strip THT 2x20 2.54mm double row")
    (path /5C77771F)
    (fp_text reference J1 (at 2.8 -16.3) (layer B.SilkS)
      (effects (font (size 1 1) (thickness 0.15)) (justify mirror))
    )
    (fp_text value GPIO_CONNECTOR (at 2.7 -27.3) (layer B.Fab)
      (effects (font (size 1 1) (thickness 0.15)) (justify mirror))
    )
    (fp_line (start -3.81 1.27) (end 0.27 1.27) (layer B.Fab) (width 0.1))
    (fp_line (start 0.27 1.27) (end 1.27 0.27) (layer B.Fab) (width 0.1))
    (fp_line (start 1.27 0.27) (end 1.27 -49.53) (layer B.Fab) (width 0.1))
    (fp_line (start 1.27 -49.53) (end -3.81 -49.53) (layer B.Fab) (width 0.1))
    (fp_line (start -3.81 -49.53) (end -3.81 1.27) (layer B.Fab) (width 0.1))
    (fp_line (start -3.87 1.33) (end -1.27 1.33) (layer B.SilkS) (width 0.12))
    (fp_line (start -3.87 1.33) (end -3.87 -49.59) (layer B.SilkS) (width 0.12))
    (fp_line (start -3.87 -49.59) (end 1.33 -49.59) (layer B.SilkS) (width 0.12))
    (fp_line (start 1.33 -1.27) (end 1.33 -49.59) (layer B.SilkS) (width 0.12))
    (fp_line (start -1.27 -1.27) (end 1.33 -1.27) (layer B.SilkS) (width 0.12))
    (fp_line (start -1.27 1.33) (end -1.27 -1.27) (layer B.SilkS) (width 0.12))
    (fp_line (start 1.33 1.33) (end 1.33 0) (layer B.SilkS) (width 0.12))
    (fp_line (start 0 1.33) (end 1.33 1.33) (layer B.SilkS) (width 0.12))
    (fp_line (start -4.34 1.8) (end 1.76 1.8) (layer B.CrtYd) (width 0.05))
    (fp_line (start 1.76 1.8) (end 1.76 -50) (layer B.CrtYd) (width 0.05))
    (fp_line (start 1.76 -50) (end -4.34 -50) (layer B.CrtYd) (width 0.05))
    (fp_line (start -4.34 -50) (end -4.34 1.8) (layer B.CrtYd) (width 0.05))
    (fp_text user %R (at 2.8 -18.3 180) (layer B.Fab)
      (effects (font (size 1 1) (thickness 0.15)) (justify mirror))
    )
    (pad 1 thru_hole rect (at 0 0 270) (size 1.7 1.7) (drill 1) (layers *.Cu *.Mask)
      (net 1 +3V3))
    (pad 2 thru_hole oval (at -2.54 0 270) (size 1.7 1.7) (drill 1) (layers *.Cu *.Mask)
      (net 10 +15V))
    (pad 3 thru_hole oval (at 0 -2.54 270) (size 1.7 1.7) (drill 1) (layers *.Cu *.Mask))
    (pad 4 thru_hole oval (at -2.54 -2.54 270) (size 1.7 1.7) (drill 1) (layers *.Cu *.Mask)
      (net 10 +15V))
    (pad 5 thru_hole oval (at 0 -5.08 270) (size 1.7 1.7) (drill 1) (layers *.Cu *.Mask))
    (pad 6 thru_hole oval (at -2.54 -5.08 270) (size 1.7 1.7) (drill 1) (layers *.Cu *.Mask))
    (pad 7 thru_hole oval (at 0 -7.62 270) (size 1.7 1.7) (drill 1) (layers *.Cu *.Mask))
    (pad 8 thru_hole oval (at -2.54 -7.62 270) (size 1.7 1.7) (drill 1) (layers *.Cu *.Mask)
      (net 3 /GPIO14_TXD0))
    (pad 9 thru_hole oval (at 0 -10.16 270) (size 1.7 1.7) (drill 1) (layers *.Cu *.Mask))
    (pad 10 thru_hole oval (at -2.54 -10.16 270) (size 1.7 1.7) (drill 1) (layers *.Cu *.Mask)
      (net 4 /GPIO15_RXD0))
    (pad 11 thru_hole oval (at 0 -12.7 270) (size 1.7 1.7) (drill 1) (layers *.Cu *.Mask))
    (pad 12 thru_hole oval (at -2.54 -12.7 270) (size 1.7 1.7) (drill 1) (layers *.Cu *.Mask))
    (pad 13 thru_hole oval (at 0 -15.24 270) (size 1.7 1.7) (drill 1) (layers *.Cu *.Mask))
    (pad 14 thru_hole oval (at -2.54 -15.24 270) (size 1.7 1.7) (drill 1) (layers *.Cu *.Mask))
    (pad 15 thru_hole oval (at 0 -17.78 270) (size 1.7 1.7) (drill 1) (layers *.Cu *.Mask))
    (pad 16 thru_hole oval (at -2.54 -17.78 270) (size 1.7 1.7) (drill 1) (layers *.Cu *.Mask))
    (pad 17 thru_hole oval (at 0 -20.32 270) (size 1.7 1.7) (drill 1) (layers *.Cu *.Mask)
      (net 1 +3V3))
